181 248  
178 320  
206 405  
178 379  
237 405  
176 231  
166 219  
178 284  
186 311  
208 317  
230 324  
250 338  
260 363  
268 386  
262 399  
252 405  
256 352  
263 374  
240 331  
216 320  
196 315  
175 354  
175 337  
175 367  
181 310  
179 299  
177 262  
177 276  
222 316  
233 316  
247 316  
258 320  
266 320  
278 319  
289 315  
297 306  
240 317  
298 301  
185 395  
193 401  
178 389  
216 406  
227 407  
245 406  
265 388  
264 381  
255 343  
176 329  
174 344  
178 292  
179 237  
180 257  
177 271  
176 268  
180 306  
178 313  
178 304  
178 247  
176 255  
179 236  
171 225  
162 218  
177 241  
250 318  
272 322  
228 317  
190 314  
204 314  
212 315  
293 312  
284 317  
258 362  
262 370  
265 394  
257 402  
242 335  
234 327  
258 356  
173 363  
173 375  
199 405  
220 409  
211 408  
224 326  
223 322  
175 382  
234 408  
173 351  
187 399  
180 392  
254 348  
244 335  
250 346  
249 340  
172 357  
172 371  
177 387  
