186 205  
281 399  
197 376  
175 309  
172 255  
175 231  
227 395  
253 400  
252 297  
255 348  
264 374  
248 324  
259 272  
213 222  
226 230  
236 235  
246 239  
257 240  
206 218  
190 206  
194 211  
169 286  
266 401  
239 399  
207 389  
183 361  
174 330  
168 298  
170 270  
173 245  
180 220  
173 317  
169 307  
249 310  
250 336  
259 361  
271 386  
264 260  
183 211  
168 277  
176 339  
186 367  
191 373  
203 384  
213 392  
220 393  
234 399  
243 402  
250 401  
259 403  
274 401  
274 390  
264 380  
261 365  
252 343  
248 329  
248 316  
250 303  
253 289  
257 277  
261 266  
266 252  
262 243  
251 239  
239 239  
180 356  
173 236  
177 225  
280 395  
199 216  
217 228  
170 262  
177 346  
172 322  
257 356  
254 283  
264 247  
168 293  
170 313  
178 353  
200 380  
266 384  
229 233  
271 244  
267 243  
271 247  
