223 218  
223 320  
221 414  
163 266  
295 272  
298 372  
160 367  
178 232  
277 228  
183 304  
274 310  
270 338  
180 337  
184 407  
274 403  
203 223  
167 247  
250 220  
289 247  
286 288  
252 314  
201 311  
170 286  
204 327  
168 352  
168 391  
201 409  
245 412  
285 354  
253 324  
242 321  
288 392  
260 408  
294 382  
292 361  
277 343  
258 330  
216 323  
194 331  
264 309  
281 302  
294 260  
283 234  
262 222  
232 220  
214 221  
190 226  
235 317  
211 315  
189 307  
177 294  
234 414  
210 412  
177 400  
160 377  
195 409  
285 399  
166 274  
242 218  
164 253  
175 237  
176 343  
166 355
232 315  
233 322  
229 319  
168 281  
268 224  
185 228  
197 224  
210 223  
239 218  
287 241  
291 254  
295 266  
292 278  
287 282  
284 296  
263 335  
280 348  
295 368  
292 385  
254 409  
266 406  
280 401  
163 385  
188 332  
210 325  
172 348  
161 361  
188 405  
172 396  
294 375  
246 323  
178 298  
173 292  
256 221  
228 411  
217 412  
171 240  
275 306  
267 308  
257 310  
244 316  
240 414  
289 359  
180 403  
196 310  
207 313  
219 316  
227 316  
163 257  
250 317  
