177 272  
283 274  
285 412  
228 203  
181 227  
274 221  
198 209  
255 207  
284 242  
284 260  
177 250  
179 236  
177 265  
177 258  
177 244  
189 216  
185 222  
193 210  
208 204  
218 203  
203 204  
221 203  
213 204  
240 204  
234 204  
248 207  
263 210  
270 215  
281 230  
277 224  
283 235  
284 249  
285 256  
285 266  
285 274  
285 365  
230 291  
200 286  
259 289  
272 283  
213 291  
184 281  
245 292  
278 279  
266 286  
220 290  
204 291  
191 285  
179 276  
237 292  
252 291  
223 292  
209 289  
286 319  
284 296  
285 385  
286 342  
285 333  
284 309  
284 287  
287 353  
285 397  
284 376  
283 281  
285 303  
285 316  
285 325  
287 350  
287 358  
283 371  
285 392  
285 406  
284 400  
