246 240  
241 238  
236 235  
230 234  
224 234  
220 254  
225 258  
234 261  
241 260  
245 253  
248 247  
222 402  
245 396  
264 378  
273 357  
278 336  
282 316  
282 296  
277 277  
266 259  
207 399  
192 386  
181 368  
168 341  
161 315  
159 289  
157 266  
154 240  
153 221  
257 251  
273 266  
280 285  
283 303  
281 324  
276 344  
270 364  
256 386  
234 401  
197 391  
186 377  
172 352  
163 326  
158 298  
157 276  
155 251  
153 228  
160 307  
174 359  
166 333  
254 245  
261 252  
214 399  
201 394  
157 256  
268 370  
252 389  
274 350  
283 309  
280 330  
158 282  
229 402  
282 292  
276 270  
242 242
220 244
