297 256  
286 406  
194 208  
209 383  
178 312  
176 261  
242 398  
186 352  
174 286  
183 237  
261 405  
220 394  
194 370  
180 335  
268 330  
271 294  
269 376  
264 356  
275 393  
273 406  
280 275  
188 223  
174 272  
174 300  
178 324  
227 396  
248 402  
233 401  
200 377  
189 362  
182 341  
180 248  
267 312  
265 344  
272 386  
281 398  
214 389  
276 285  
290 264  
267 367  
267 318  
265 336  
265 326  
269 301  
284 270  
175 306  
172 280  
179 254  
185 230  
191 216  
172 292  
178 321  
178 318  
178 331  
253 406  
269 406  
280 407  
181 243  
264 351  
265 362  
185 347  
186 359  
241 403  
173 267  
272 292  
277 278  
203 382  
196 375  
191 368  
271 382  
266 305  
