254 405  
167 327  
159 340  
176 328  
164 350  
171 352  
189 341  
180 353  
181 331  
196 339  
206 344  
223 352  
228 358  
235 364  
240 371  
250 385  
196 336  
263 382  
266 373  
268 362  
270 351  
273 338  
159 205  
251 224  
266 250  
272 277  
273 311  
186 207  
208 211  
227 214  
275 293  
273 321  
260 236  
270 261  
276 298  
274 327  
237 218  
196 210  
170 205  
215 211  
256 229  
244 220  
276 284  
273 268  
264 243  
179 208  
223 212  
275 305  
273 342  
269 255  
202 339  
247 380  
188 334  
161 334  
186 347  
215 347  
261 388  
276 274  
233 216  
202 209  
190 209  
276 314  
253 392  
257 399  
259 394  
158 347  
