161 212  
169 226  
179 237  
189 244  
189 244  
196 251  
205 259  
215 267  
223 277  
231 285  
238 292  
245 300  
253 311  
260 319  
264 327  
270 336  
273 343  
274 353  
275 366  
273 376  
267 385  
263 394  
258 400  
250 407  
238 414  
224 421  
216 422  
210 421  
194 414  
203 415  
194 409  
193 396  
207 384  
199 383  
217 381  
223 383  
232 387  
234 392  
236 398  
240 406  
191 405  
197 389  
208 377  
230 417  
163 214  
165 216  
173 230  
