223 206  
221 409  
161 306  
297 304  
169 238  
283 240  
281 378  
174 374  
191 217  
259 218  
293 272  
292 347  
253 401  
162 268  
161 286  
165 342  
161 322  
167 356  
180 388  
203 405  
239 408  
289 363  
296 327  
297 285  
289 254  
240 210  
208 208  
179 225  
165 252  
298 311  
295 335  
292 353  
285 371  
262 394  
246 404  
230 407  
212 408  
231 408  
187 395  
176 380  
170 362  
160 329  
163 336  
161 314  
160 291  
160 296  
162 274  
162 278  
163 259  
166 244  
175 230  
185 219  
199 211  
216 203  
233 207  
246 211  
253 212  
264 222  
281 236  
287 248  
292 263  
296 278  
297 292  
296 316  
296 299  
295 322  
294 341  
290 357  
259 397  
173 369  
198 403  
272 228  
277 230  
268 222  
268 389  
274 384  
278 380  
192 398  
167 349  
160 301  
